11,595 7E0      8 03 22 20 27 55 55 55 55 
11,604 7E8      8 05 62 20 27 03 EC AA AA 
11,725 7E0      8 03 22 29 3B 55 55 55 55 
11,735 7E8      8 05 62 29 3B 03 F5 AA AA 
11,854 7E0      8 03 22 29 32 55 55 55 55 
11,856 7E8      8 05 62 29 32 13 88 AA AA 
11,975 7E0      8 03 22 39 61 55 55 55 55 
11,985 7E8      8 05 62 39 61 02 61 AA AA 
12,111 7E0      8 03 22 39 62 55 55 55 55 
12,115 7E8      8 05 62 39 62 02 92 AA AA 
12,236 7E0      8 03 22 39 63 55 55 55 55 
12,246 7E8      8 05 62 39 63 02 49 AA AA 
12,367 7E0      8 03 22 39 60 55 55 55 55 
12,376 7E8      8 05 62 39 60 01 F1 AA AA 
12,495 7E0      8 03 22 42 6B 55 55 55 55 
12,506 7E8      8 05 62 42 6B 00 00 AA AA 
12,620 7E0      8 03 22 42 6C 55 55 55 55 
12,626 7E8      8 05 62 42 6C 00 00 AA AA 
12,750 7E0      8 03 22 42 6D 55 55 55 55 
12,756 7E8      8 05 62 42 6D 00 00 AA AA 
12,877 7E0      8 03 22 42 6E 55 55 55 55 
12,886 7E8      8 05 62 42 6E 00 00 AA AA 
13,009 7E0      8 03 22 20 25 55 55 55 55 
13,016 7E8      8 05 62 20 25 13 6B AA AA 
13,146 7E0      8 03 22 20 27 55 55 55 55 
13,157 7E8      8 05 62 20 27 04 26 AA AA 
13,285 7E0      8 03 22 29 3B 55 55 55 55 
13,288 7E8      8 05 62 29 3B 04 1B AA AA 
13,414 7E0      8 03 22 29 32 55 55 55 55 
13,417 7E8      8 05 62 29 32 13 88 AA AA 
13,534 7E0      8 03 22 39 61 55 55 55 55 
13,537 7E8      8 05 62 39 61 02 5D AA AA 
13,652 7E0      8 03 22 39 62 55 55 55 55 
13,659 7E8      8 05 62 39 62 02 90 AA AA 
13,785 7E0      8 03 22 39 63 55 55 55 55 
13,788 7E8      8 05 62 39 63 02 47 AA AA 
13,907 7E0      8 03 22 39 60 55 55 55 55 
13,918 7E8      8 05 62 39 60 01 ED AA AA 
14,038 7E0      8 03 22 42 6B 55 55 55 55 
14,049 7E8      8 05 62 42 6B 00 00 AA AA 
14,164 7E0      8 03 22 42 6C 55 55 55 55 
14,168 7E8      8 05 62 42 6C 00 00 AA AA 
14,297 7E0      8 03 22 42 6D 55 55 55 55 
14,309 7E8      8 05 62 42 6D 00 00 AA AA 
14,423 7E0      8 03 22 42 6E 55 55 55 55 
14,428 7E8      8 05 62 42 6E 00 00 AA AA 
14,554 7E0      8 03 22 20 25 55 55 55 55 
14,558 7E8      8 05 62 20 25 13 88 AA AA 
14,679 7E0      8 03 22 20 27 55 55 55 55 
14,688 7E8      8 05 62 20 27 04 0E AA AA 
14,811 7E0      8 03 22 29 3B 55 55 55 55 
14,818 7E8      8 05 62 29 3B 04 0B AA AA 
14,938 7E0      8 03 22 29 32 55 55 55 55 
14,940 7E8      8 05 62 29 32 13 88 AA AA 
15,064 7E0      8 03 22 39 61 55 55 55 55 
15,070 7E8      8 05 62 39 61 02 5C AA AA 
15,191 7E0      8 03 22 39 62 55 55 55 55 
15,200 7E8      8 05 62 39 62 02 9E AA AA 
15,323 7E0      8 03 22 39 63 55 55 55 55 
15,330 7E8      8 05 62 39 63 02 53 AA AA 
15,451 7E0      8 03 22 39 60 55 55 55 55 
15,460 7E8      8 05 62 39 60 01 E3 AA AA 
15,581 7E0      8 03 22 42 6B 55 55 55 55 
15,590 7E8      8 05 62 42 6B 00 00 AA AA 
15,709 7E0      8 03 22 42 6C 55 55 55 55 
15,720 7E8      8 05 62 42 6C 00 00 AA AA 
15,844 7E0      8 03 22 42 6D 55 55 55 55 
15,850 7E8      8 05 62 42 6D 00 00 AA AA 
15,975 7E0      8 03 22 42 6E 55 55 55 55 
15,980 7E8      8 05 62 42 6E 00 00 AA AA 
16,102 7E0      8 03 22 20 25 55 55 55 55 
16,111 7E8      8 05 62 20 25 13 B2 AA AA 
16,229 7E0      8 03 22 20 27 55 55 55 55 
16,231 7E8      8 05 62 20 27 03 F8 AA AA 
16,351 7E0      8 03 22 29 3B 55 55 55 55 
16,360 7E8      8 05 62 29 3B 03 E6 AA AA 
16,481 7E0      8 03 22 29 32 55 55 55 55 
16,492 7E8      8 05 62 29 32 13 88 AA AA 
16,618 7E0      8 03 22 39 61 55 55 55 55 
16,622 7E8      8 05 62 39 61 02 5B AA AA 
16,753 7E0      8 03 22 39 62 55 55 55 55 
16,762 7E8      8 05 62 39 62 02 A4 AA AA 
16,879 7E0      8 03 22 39 63 55 55 55 55 
16,882 7E8      8 05 62 39 63 02 42 AA AA 
17,005 7E0      8 03 22 39 60 55 55 55 55 
17,012 7E8      8 05 62 39 60 01 E8 AA AA 
17,131 7E0      8 03 22 42 6B 55 55 55 55 
17,142 7E8      8 05 62 42 6B 00 00 AA AA 
17,260 7E0      8 03 22 42 6C 55 55 55 55 
17,262 7E8      8 05 62 42 6C 00 00 AA AA 
17,393 7E0      8 03 22 42 6D 55 55 55 55 
17,402 7E8      8 05 62 42 6D 00 00 AA AA 
17,516 7E0      8 03 22 42 6E 55 55 55 55 
17,522 7E8      8 05 62 42 6E 00 00 AA AA 
17,641 7E0      8 03 22 20 25 55 55 55 55 
17,643 7E8      8 05 62 20 25 13 65 AA AA 
17,777 7E0      8 03 22 20 27 55 55 55 55 
17,784 7E8      8 05 62 20 27 04 09 AA AA 
17,902 7E0      8 03 22 29 3B 55 55 55 55 
17,914 7E8      8 05 62 29 3B 03 FF AA AA 
18,043 7E0      8 03 22 29 32 55 55 55 55 
18,044 7E8      8 05 62 29 32 13 88 AA AA 
18,179 7E0      8 03 22 39 61 55 55 55 55 
18,183 7E8      8 05 62 39 61 02 5D AA AA 
18,303 7E0      8 03 22 39 62 55 55 55 55 
18,313 7E8      8 05 62 39 62 02 AC AA AA 
18,433 7E0      8 03 22 39 63 55 55 55 55 
18,435 7E8      8 05 62 39 63 02 51 AA AA 
18,567 7E0      8 03 22 39 60 55 55 55 55 
18,574 7E8      8 05 62 39 60 01 E7 AA AA 
18,697 7E0      8 03 22 42 6B 55 55 55 55 
18,704 7E8      8 05 62 42 6B 00 00 AA AA 
18,832 7E0      8 03 22 42 6C 55 55 55 55 
18,835 7E8      8 05 62 42 6C 00 00 AA AA 
18,963 7E0      8 03 22 42 6D 55 55 55 55 
18,965 7E8      8 05 62 42 6D 00 00 AA AA 
19,088 7E0      8 03 22 42 6E 55 55 55 55 
19,094 7E8      8 05 62 42 6E 00 00 AA AA 
19,211 7E0      8 03 22 20 25 55 55 55 55 
19,215 7E8      8 05 62 20 25 13 AA AA AA 
19,347 7E0      8 03 22 20 27 55 55 55 55 
19,354 7E8      8 05 62 20 27 03 C7 AA AA 
19,475 7E0      8 03 22 29 3B 55 55 55 55 
19,485 7E8      8 05 62 29 3B 03 D6 AA AA 
19,600 7E0      8 03 22 29 32 55 55 55 55 
19,605 7E8      8 05 62 29 32 13 88 AA AA 
19,726 7E0      8 03 22 39 61 55 55 55 55 
19,736 7E8      8 05 62 39 61 02 5F AA AA 
19,857 7E0      8 03 22 39 62 55 55 55 55 
19,866 7E8      8 05 62 39 62 02 B1 AA AA 
19,996 7E0      8 03 22 39 63 55 55 55 55 
20,006 7E8      8 05 62 39 63 02 4A AA AA 
20,121 7E0      8 03 22 39 60 55 55 55 55 
20,126 7E8      8 05 62 39 60 01 E4 AA AA 
20,251 7E0      8 03 22 42 6B 55 55 55 55 
20,258 7E8      8 05 62 42 6B 00 00 AA AA 
20,385 7E0      8 03 22 42 6C 55 55 55 55 
20,387 7E8      8 05 62 42 6C 00 00 AA AA 
20,506 7E0      8 03 22 42 6D 55 55 55 55 
20,517 7E8      8 05 62 42 6D 00 00 AA AA 
20,634 7E0      8 03 22 42 6E 55 55 55 55 
20,636 7E8      8 05 62 42 6E 00 00 AA AA 
20,764 7E0      8 03 22 20 25 55 55 55 55 
20,768 7E8      8 05 62 20 25 13 80 AA AA 
20,884 7E0      8 03 22 20 27 55 55 55 55 
20,887 7E8      8 05 62 20 27 03 FB AA AA 
21,006 7E0      8 03 22 29 3B 55 55 55 55 
21,017 7E8      8 05 62 29 3B 03 FA AA AA 
21,147 7E0      8 03 22 29 32 55 55 55 55 
21,159 7E8      8 05 62 29 32 13 88 AA AA 
21,321 7E0      8 03 22 39 61 55 55 55 55 
21,328 7E8      8 05 62 39 61 02 6D AA AA 
21,475 7E0      8 03 22 39 62 55 55 55 55 
21,478 7E8      8 05 62 39 62 02 AA AA AA 
21,601 7E0      8 03 22 39 63 55 55 55 55 
21,608 7E8      8 05 62 39 63 02 50 AA AA 
21,753 7E0      8 03 22 39 60 55 55 55 55 
21,758 7E8      8 05 62 39 60 01 E8 AA AA 
21,879 7E0      8 03 22 42 6B 55 55 55 55 
21,889 7E8      8 05 62 42 6B 00 00 AA AA 
22,027 7E0      8 03 22 42 6C 55 55 55 55 
22,030 7E8      8 05 62 42 6C 00 00 AA AA 
22,160 7E0      8 03 22 42 6D 55 55 55 55 
22,168 7E8      8 05 62 42 6D 00 00 AA AA 
22,325 7E0      8 03 22 42 6E 55 55 55 55 
22,329 7E8      8 05 62 42 6E 00 00 AA AA 
22,455 7E0      8 03 22 20 25 55 55 55 55 
22,460 7E8      8 05 62 20 25 13 B5 AA AA 
22,594 7E0      8 03 22 20 27 55 55 55 55 
22,599 7E8      8 05 62 20 27 03 D4 AA AA 
22,714 7E0      8 03 22 29 3B 55 55 55 55 
22,719 7E8      8 05 62 29 3B 03 DF AA AA 
22,884 7E0      8 03 22 29 32 55 55 55 55 
22,890 7E8      8 05 62 29 32 13 88 AA AA 
23,035 7E0      8 03 22 39 61 55 55 55 55 
23,040 7E8      8 05 62 39 61 02 6B AA AA 
23,167 7E0      8 03 22 39 62 55 55 55 55 
23,170 7E8      8 05 62 39 62 02 AA AA AA 
23,306 7E0      8 03 22 39 63 55 55 55 55 
23,310 7E8      8 05 62 39 63 02 44 AA AA 
23,422 7E0      8 03 22 39 60 55 55 55 55 
23,432 7E8      8 05 62 39 60 01 F5 AA AA 
23,575 7E0      8 03 22 42 6B 55 55 55 55 
23,581 7E8      8 05 62 42 6B 00 00 AA AA 
23,708 7E0      8 03 22 42 6C 55 55 55 55 
23,712 7E8      8 05 62 42 6C 00 00 AA AA 
23,892 7E0      8 03 22 42 6D 55 55 55 55 
23,901 7E8      8 05 62 42 6D 00 00 AA AA 
24,023 7E0      8 03 22 42 6E 55 55 55 55 
24,031 7E8      8 05 62 42 6E 00 00 AA AA 
24,225 7E0      8 03 22 20 25 55 55 55 55 
24,232 7E8      8 05 62 20 25 13 BD AA AA 
24,376 7E0      8 03 22 20 27 55 55 55 55 
24,382 7E8      8 05 62 20 27 03 C1 AA AA 
24,505 7E0      8 03 22 29 3B 55 55 55 55 
24,513 7E8      8 05 62 29 3B 03 EB AA AA 
24,663 7E0      8 03 22 29 32 55 55 55 55 
24,672 7E8      8 05 62 29 32 13 88 AA AA 
24,798 7E0      8 03 22 39 61 55 55 55 55 
24,803 7E8      8 05 62 39 61 02 61 AA AA 
24,947 7E0      8 03 22 39 62 55 55 55 55 
24,953 7E8      8 05 62 39 62 02 A1 AA AA 
25,063 7E0      8 03 22 39 63 55 55 55 55 
25,072 7E8      8 05 62 39 63 02 43 AA AA 
25,221 7E0      8 03 22 39 60 55 55 55 55 
25,224 7E8      8 05 62 39 60 01 F2 AA AA 
25,345 7E0      8 03 22 42 6B 55 55 55 55 
25,353 7E8      8 05 62 42 6B 00 00 AA AA 
25,482 7E0      8 03 22 42 6C 55 55 55 55 
25,484 7E8      8 05 62 42 6C 00 00 AA AA 
25,606 7E0      8 03 22 42 6D 55 55 55 55 
25,613 7E8      8 05 62 42 6D 00 00 AA AA 
25,746 7E0      8 03 22 42 6E 55 55 55 55 
25,754 7E8      8 05 62 42 6E 00 00 AA AA 
25,868 7E0      8 03 22 20 25 55 55 55 55 
25,874 7E8      8 05 62 20 25 13 AA AA AA 
26,037 7E0      8 03 22 20 27 55 55 55 55 
26,044 7E8      8 05 62 20 27 03 F6 AA AA 
26,163 7E0      8 03 22 29 3B 55 55 55 55 
26,165 7E8      8 05 62 29 3B 03 FD AA AA 
26,306 7E0      8 03 22 29 32 55 55 55 55 
26,316 7E8      8 05 62 29 32 13 88 AA AA 
26,467 7E0      8 03 22 39 61 55 55 55 55 
26,475 7E8      8 05 62 39 61 02 5F AA AA 
26,598 7E0      8 03 22 39 62 55 55 55 55 
26,605 7E8      8 05 62 39 62 02 A9 AA AA 
26,752 7E0      8 03 22 39 63 55 55 55 55 
26,755 7E8      8 05 62 39 63 02 45 AA AA 
26,876 7E0      8 03 22 39 60 55 55 55 55 
26,885 7E8      8 05 62 39 60 01 F9 AA AA 
27,022 7E0      8 03 22 42 6B 55 55 55 55 
27,026 7E8      8 05 62 42 6B 00 00 AA AA 
27,153 7E0      8 03 22 42 6C 55 55 55 55 
27,157 7E8      8 05 62 42 6C 00 00 AA AA 
27,298 7E0      8 03 22 42 6D 55 55 55 55 
27,307 7E8      8 05 62 42 6D 00 00 AA AA 
27,427 7E0      8 03 22 42 6E 55 55 55 55 
27,437 7E8      8 05 62 42 6E 00 00 AA AA 
27,583 7E0      8 03 22 20 25 55 55 55 55 
27,586 7E8      8 05 62 20 25 13 80 AA AA 
27,708 7E0      8 03 22 20 27 55 55 55 55 
27,717 7E8      8 05 62 20 27 03 F4 AA AA 
27,900 7E0      8 03 22 29 3B 55 55 55 55 
27,907 7E8      8 05 62 29 3B 03 F7 AA AA 
28,054 7E0      8 03 22 29 32 55 55 55 55 
28,057 7E8      8 05 62 29 32 13 88 AA AA 
28,180 7E0      8 03 22 39 61 55 55 55 55 
28,187 7E8      8 05 62 39 61 02 5E AA AA 
28,321 7E0      8 03 22 39 62 55 55 55 55 
28,328 7E8      8 05 62 39 62 02 A9 AA AA 
28,446 7E0      8 03 22 39 63 55 55 55 55 
28,458 7E8      8 05 62 39 63 02 48 AA AA 
28,587 7E0      8 03 22 39 60 55 55 55 55 
28,598 7E8      8 05 62 39 60 01 FB AA AA 
28,724 7E0      8 03 22 42 6B 55 55 55 55 
28,728 7E8      8 05 62 42 6B 00 00 AA AA 
28,898 7E0      8 03 22 42 6C 55 55 55 55 
28,909 7E8      8 05 62 42 6C 00 00 AA AA 
29,026 7E0      8 03 22 42 6D 55 55 55 55 
29,029 7E8      8 05 62 42 6D 00 00 AA AA 
29,170 7E0      8 03 22 42 6E 55 55 55 55 
29,179 7E8      8 05 62 42 6E 00 00 AA AA 
29,298 7E0      8 03 22 20 25 55 55 55 55 
29,310 7E8      8 05 62 20 25 13 90 AA AA 
29,455 7E0      8 03 22 20 27 55 55 55 55 
29,459 7E8      8 05 62 20 27 03 FB AA AA 
29,583 7E0      8 03 22 29 3B 55 55 55 55 
29,589 7E8      8 05 62 29 3B 03 E1 AA AA 
29,731 7E0      8 03 22 29 32 55 55 55 55 
29,739 7E8      8 05 62 29 32 13 88 AA AA 
29,860 7E0      8 03 22 39 61 55 55 55 55 
29,870 7E8      8 05 62 39 61 02 5C AA AA 
30,006 7E0      8 03 22 39 62 55 55 55 55 
30,011 7E8      8 05 62 39 62 02 AD AA AA 
30,181 7E0      8 03 22 39 63 55 55 55 55 
30,190 7E8      8 05 62 39 63 02 42 AA AA 
30,323 7E0      8 03 22 39 60 55 55 55 55 
30,331 7E8      8 05 62 39 60 01 FC AA AA 
30,469 7E0      8 03 22 42 6B 55 55 55 55 
30,471 7E8      8 05 62 42 6B 00 00 AA AA 
30,596 7E0      8 03 22 42 6C 55 55 55 55 
30,600 7E8      8 05 62 42 6C 00 00 AA AA 
30,773 7E0      8 03 22 42 6D 55 55 55 55 
30,780 7E8      8 05 62 42 6D 00 00 AA AA 
30,902 7E0      8 03 22 42 6E 55 55 55 55 
30,911 7E8      8 05 62 42 6E 00 00 AA AA 
31,066 7E0      8 03 22 20 25 55 55 55 55 
31,071 7E8      8 05 62 20 25 13 98 AA AA 
31,233 7E0      8 03 22 20 27 55 55 55 55 
31,243 7E8      8 05 62 20 27 03 D7 AA AA 
31,361 7E0      8 03 22 29 3B 55 55 55 55 
31,362 7E8      8 05 62 29 3B 03 DE AA AA 
31,491 7E0      8 03 22 29 32 55 55 55 55 
31,493 7E8      8 05 62 29 32 13 88 AA AA 
31,613 7E0      8 03 22 39 61 55 55 55 55 
31,622 7E8      8 05 62 39 61 02 66 AA AA 
31,767 7E0      8 03 22 39 62 55 55 55 55 
31,772 7E8      8 05 62 39 62 02 A6 AA AA 
31,896 7E0      8 03 22 39 63 55 55 55 55 
31,902 7E8      8 05 62 39 63 02 39 AA AA 
32,073 7E0      8 03 22 39 60 55 55 55 55 
32,083 7E8      8 05 62 39 60 01 F9 AA AA 
32,203 7E0      8 03 22 42 6B 55 55 55 55 
32,213 7E8      8 05 62 42 6B 00 00 AA AA 
32,351 7E0      8 03 22 42 6C 55 55 55 55 
32,354 7E8      8 05 62 42 6C 00 00 AA AA 
32,467 7E0      8 03 22 42 6D 55 55 55 55 
32,473 7E8      8 05 62 42 6D 00 00 AA AA 
32,607 7E0      8 03 22 42 6E 55 55 55 55 
32,613 7E8      8 05 62 42 6E 00 00 AA AA 
32,734 7E0      8 03 22 20 25 55 55 55 55 
32,745 7E8      8 05 62 20 25 13 7D AA AA 
32,866 7E0      8 03 22 20 27 55 55 55 55 
32,873 7E8      8 05 62 20 27 03 ED AA AA 
32,994 7E0      8 03 22 29 3B 55 55 55 55 
33,004 7E8      8 05 62 29 3B 03 ED AA AA 
33,123 7E0      8 03 22 29 32 55 55 55 55 
33,134 7E8      8 05 62 29 32 13 88 AA AA 
33,253 7E0      8 03 22 39 61 55 55 55 55 
33,255 7E8      8 05 62 39 61 02 62 AA AA 
33,383 7E0      8 03 22 39 62 55 55 55 55 
33,394 7E8      8 05 62 39 62 02 A4 AA AA 
33,523 7E0      8 03 22 39 63 55 55 55 55 
33,535 7E8      8 05 62 39 63 02 38 AA AA 
33,657 7E0      8 03 22 39 60 55 55 55 55 
33,665 7E8      8 05 62 39 60 01 F7 AA AA 
33,785 7E0      8 03 22 42 6B 55 55 55 55 
33,795 7E8      8 05 62 42 6B 00 00 AA AA 
33,917 7E0      8 03 22 42 6C 55 55 55 55 
33,926 7E8      8 05 62 42 6C 00 00 AA AA 
34,048 7E0      8 03 22 42 6D 55 55 55 55 
34,056 7E8      8 05 62 42 6D 00 00 AA AA 
34,174 7E0      8 03 22 42 6E 55 55 55 55 
34,176 7E8      8 05 62 42 6E 00 00 AA AA 
34,299 7E0      8 03 22 20 25 55 55 55 55 
34,307 7E8      8 05 62 20 25 13 78 AA AA 
34,432 7E0      8 03 22 20 27 55 55 55 55 
34,436 7E8      8 05 62 20 27 03 F9 AA AA 
34,561 7E0      8 03 22 29 3B 55 55 55 55 
34,566 7E8      8 05 62 29 3B 03 D8 AA AA 
34,690 7E0      8 03 22 29 32 55 55 55 55 
34,697 7E8      8 05 62 29 32 13 88 AA AA 
34,811 7E0      8 03 22 39 61 55 55 55 55 
34,816 7E8      8 05 62 39 61 02 62 AA AA 
34,929 7E0      8 03 22 39 62 55 55 55 55 
34,937 7E8      8 05 62 39 62 02 A1 AA AA 
35,056 7E0      8 03 22 39 63 55 55 55 55 
35,067 7E8      8 05 62 39 63 02 37 AA AA 
35,197 7E0      8 03 22 39 60 55 55 55 55 
35,207 7E8      8 05 62 39 60 01 F5 AA AA 
35,319 7E0      8 03 22 42 6B 55 55 55 55 
35,327 7E8      8 05 62 42 6B 00 00 AA AA 
35,455 7E0      8 03 22 42 6C 55 55 55 55 
35,458 7E8      8 05 62 42 6C 00 00 AA AA 
35,588 7E0      8 03 22 42 6D 55 55 55 55 
35,597 7E8      8 05 62 42 6D 00 00 AA AA 
35,726 7E0      8 03 22 42 6E 55 55 55 55 
35,728 7E8      8 05 62 42 6E 00 00 AA AA 
35,849 7E0      8 03 22 20 25 55 55 55 55 
35,858 7E8      8 05 62 20 25 13 7D AA AA 
35,989 7E0      8 03 22 20 27 55 55 55 55 
35,998 7E8      8 05 62 20 27 03 F0 AA AA 
36,123 7E0      8 03 22 29 3B 55 55 55 55 
36,129 7E8      8 05 62 29 3B 03 E8 AA AA 
36,245 7E0      8 03 22 29 32 55 55 55 55 
36,248 7E8      8 05 62 29 32 13 88 AA AA 
36,371 7E0      8 03 22 39 61 55 55 55 55 
36,379 7E8      8 05 62 39 61 02 5A AA AA 
